stateA;1900000000;62202719;86521678;1;3
stateB;1900000000;86521678;62202719;2;1
stateA;1900000000;62434244;85832852;1;3
stateB;1900000000;85832852;62434244;2;1
stateA;1900000000;65247550;83846868;1;3
stateB;1900000000;83846868;65247550;2;1
stateA;1900000000;58574002;88570969;1;3
stateB;1900000000;88570969;58574002;2;1
stateA;1900000000;59804822;81350223;1;3
stateB;1900000000;81350223;59804822;2;1
stateA;1900000000;59804822;81350223;1;3
stateB;1900000000;81350223;59804822;2;1
stateA;1900000000;59256709;80469043;1;3
stateB;1900000000;80469043;59256709;2;1
stateA;1900000000;62103139;82351843;1;3
stateB;1900000000;82351843;62103139;2;1
stateA;1900000000;61507164;82933260;1;3
stateB;1900000000;82933260;61507164;2;1
stateA;1900000000;61507164;82933260;1;3
stateB;1900000000;82933260;61507164;2;1
stateA;1900000000;59167858;79177832;1;3
stateB;1900000000;79177832;59167858;2;1
stateA;1900000000;61999530;85036595;1;3
stateB;1900000000;85036595;61999530;2;1
stateA;1900000000;61999530;85036595;1;3
stateB;1900000000;85036595;61999530;2;1
stateA;1900000000;59802239;82484089;1;3
stateB;1900000000;82484089;59802239;2;1
stateA;1900000000;63546313;81562356;1;3
stateB;1900000000;81562356;63546313;2;1
stateA;1900000000;84007683;85608314;1;3
stateB;1900000000;85608314;84007683;1;1
stateA;1900000000;74224456;81021079;1;3
stateB;1900000000;81021079;74224456;1;1
stateA;1900000000;74224456;81021079;1;3
stateB;1900000000;81021079;74224456;1;1
stateA;1900000000;80962306;89056607;1;3
stateB;1900000000;89056607;80962306;1;1
stateA;1900000000;80962306;89056607;1;3
stateB;1900000000;89056607;80962306;1;1
stateA;1900000000;79229065;97350584;1;3
stateB;1900000000;97350584;79229065;1;1
stateA;1900000000;79229065;97350584;1;3
stateB;1900000000;97350584;79229065;1;1
stateA;1900000000;82846414;87005690;1;3
stateB;1900000000;87005690;82846414;1;1
stateA;1900000000;81282432;86995262;1;3
stateB;1900000000;86995262;81282432;1;1
stateA;1900000000;81282432;86995262;1;3
stateB;1900000000;86995262;81282432;1;1
stateA;1900000000;62680075;72750170;1;1
stateB;1900000000;72750170;62680075;2;1
stateA;1900000000;55039625;69559826;1;1
stateB;1900000000;69559826;55039625;2;1
stateA;1900000000;55039625;69559826;1;1
stateB;1900000000;69559826;55039625;2;1
stateA;1900000000;57842974;69785508;1;1
stateB;1900000000;69785508;57842974;2;1
stateA;1900000000;80134523;86729511;1;3
stateB;1900000000;86729511;80134523;1;1
stateA;1900000000;74441576;93354190;1;3
stateB;1900000000;93354190;74441576;1;1
stateA;1900000000;79328795;92508386;1;3
stateB;1900000000;92508386;79328795;1;1
stateA;1900000000;81138887;91751885;1;3
stateB;1900000000;91751885;81138887;1;1
stateA;1900000000;82649987;93394738;1;3
stateB;1900000000;93394738;82649987;1;1
stateA;1900000000;77963052;85664386;1;3
stateB;1900000000;85664386;77963052;1;1
